# Created by Octave 5.2.0, Wed Nov 18 19:16:17 2020 GMT <unknown@DESKTOP-5U5L8AR>
# name: gyr
# type: matrix
# rows: 1
# columns: 800
 2 2 2 2 2 2 2 2 2 2 2 2 2 2 2 2 2 2 2 2 2 2 2 2 2 2 2 2 2 2 2 2 2 2 2 2 2 2 2 2 2 2 2 2 2 2 2 2 2 2 2 2 2 2 2 2 2 2 2 2 2 2 2 2 2 2 2 2 2 2 2 2 2 2 2 2 2 2 2 2 2 2 2 2 2 2 2 2 2 2 2 2 2 2 2 2 2 2 2 2 2 2 2 2 2 2 2 2 2 2 2 2 2 2 2 2 2 2 2 2 2 2 2 2 2 2 2 2 2 2 2 2 2 2 2 2 2 2 2 2 2 2 2 2 2 2 2 2 2 2 2 2 2 2 2 2 2 2 1 1 1 1 0 0 0 0 -1 -2 -2 -3 -4 -5 -6 -7 -8 -9 -10 -11 -12 -13 -14 -15 -16 -17 -18 -18 -19 -20 -21 -21 -22 -22 -23 -23 -24 -25 -25 -26 -26 -26 -27 -27 -28 -28 -29 -29 -29 -30 -30 -31 -31 -31 -32 -32 -33 -33 -33 -34 -34 -35 -35 -36 -36 -36 -37 -37 -37 -38 -38 -38 -39 -39 -39 -40 -40 -40 -41 -41 -42 -42 -43 -43 -43 -44 -44 -45 -45 -45 -46 -46 -47 -47 -48 -48 -49 -50 -51 -51 -52 -53 -53 -54 -54 -55 -55 -55 -55 -56 -56 -56 -56 -57 -57 -57 -58 -58 -59 -59 -60 -60 -60 -61 -62 -62 -63 -64 -65 -65 -66 -67 -68 -69 -69 -70 -70 -71 -71 -71 -71 -72 -72 -72 -72 -73 -73 -73 -73 -74 -74 -74 -74 -74 -74 -75 -75 -75 -75 -75 -75 -75 -75 -75 -75 -76 -76 -76 -76 -77 -77 -77 -77 -78 -78 -78 -78 -78 -78 -78 -78 -78 -79 -79 -79 -79 -79 -80 -80 -80 -80 -80 -80 -80 -80 -80 -80 -80 -80 -80 -80 -80 -80 -80 -80 -80 -80 -80 -80 -80 -80 -80 -80 -80 -80 -80 -80 -80 -80 -80 -80 -80 -80 -80 -80 -80 -80 -80 -80 -80 -80 -80 -80 -80 -80 -80 -80 -80 -80 -80 -80 -80 -80 -80 -80 -80 -80 -80 -80 -80 -80 -80 -80 -80 -80 -80 -80 -80 -80 -80 -80 -80 -80 -80 -80 -80 -80 -80 -80 -80 -80 -80 -80 -80 -80 -80 -80 -80 -80 -80 -80 -80 -80 -80 -80 -80 -80 -80 -80 -80 -80 -80 -80 -80 -80 -80 -80 -80 -80 -80 -80 -80 -80 -80 -80 -80 -80 -80 -80 -80 -80 -80 -80 -80 -80 -80 -80 -80 -80 -80 -80 -80 -80 -80 -80 -80 -80 -80 -80 -80 -80 -80 -80 -80 -80 -80 -80 -80 -80 -80 -80 -80 -80 -80 -80 -80 -80 -80 -80 -80 -80 -80 -80 -80 -80 -80 -80 -80 -80 -80 -80 -80 -80 -80 -80 -80 -80 -80 -80 -80 -80 -80 -80 -80 -80 -80 -80 -80 -80 -80 -80 -80 -80 -80 -80 -80 -80 -80 -80 -80 -80 -80 -80 -80 -80 -80 -80 -80 -80 -80 -80 -80 -80 -80 -80 -80 -80 -80 -80 -80 -80 -80 -80 -80 -80 -80 -80 -80 -80 -80 -80 -80 -80 -80 -80 -80 -80 -80 -80 -80 -80 -80 -80 -80 -80 -80 -80 -80 -80 -80 -80 -80 -80 -80 -80 -80 -80 -80 -80 -80 -80 -80 -80 -80 -80 -80 -80 -80 -80 -80 -80 -80 -80 -80 -80 -80 -80 -80 -80 -80 -80 -80 -80 -80 -80 -80 -80 -80 -80 -80 -80 -80 -80 -80 -80 -80 -80 -80 -80 -80 -80 -80 -80 -80 -80 -80 -80 -80 -80 -80 -80 -80 -80 -80 -80 -80 -80 -80 -80 -80 -80 -80 -80 -80 -80 -80 -80 -80 -80 -80 -80 -80 -80 -80 -80 -80 -80 -80 -80 -80 -80 -80 -80 -80 -80 -80 -80 -80 -80 -80 -80 -80 -80 -80 -80 -80 -80 -80 -80 -80 -80 -80 -80 -80 -80 -80 -80 -80 -80 -80 -80 -80 -80 -80 -80 -80 -80 -80 -80 -80 -80 -80 -80 -80 -80 -80 -80 -80 -80 -80 -80 -80 -80 -80 -80 -80 -80 -80 -80 -80 -80 -80 -80 -80 -80 -80 -80 -80 -80 -80 -80 -80 -80 -80 -80 -80 -80 -80 -80 -80 -80 -80 -80 -80 -80 -80 -80 -80 -80 -80 -80 -80 -80 -80 -80 -80 -80 -80 -80 -80 -80 -80 -80 -80 -80 -80 -80 -80 -80 -80 -80 -80


# name: acc
# type: matrix
# rows: 1
# columns: 800
 0 0 0 0 0 0 0 0 0 0 0 0 0 0 0 0 0 0 0 0 0 0 0 0 0 0 0 0 0 0 0 0 0 0 0 0 0 0 0 0 0 0 0 0 0 0 0 0 0 0 0 0 0 0 0 0 0 0 0 0 0 0 0 0 0 0 0 0 0 0 0 0 0 0 0 0 0 0 0 0 0 0 0 0 0 0 0 0 0 0 0 0 0 0 0 0 0 0 0 0 0 0 0 0 0 0 0 0 0 0 0 0 0 0 0 0 0 0 0 0 0 0 0 0 0 0 0 0 0 0 0 0 0 0 0 0 0 0 0 0 0 0 0 0 0 0 0 0 0 0 0 0 0 2 2 3 -2 -5 -5 0 0 -1 -1 -1 -1 -2 -3 -3 -5 -6 -8 -9 -7 -8 -10 -12 -13 -12 -13 -15 -17 -16 -19 -22 -22 -21 -24 -26 -22 -23 -25 -25 -26 -24 -27 -30 -30 -30 -27 -30 -30 -30 -30 -31 -33 -33 -32 -32 -33 -35 -37 -37 -37 -35 -36 -36 -35 -36 -38 -41 -42 -39 -40 -41 -41 -40 -41 -41 -42 -43 -43 -43 -43 -44 -44 -44 -43 -43 -44 -47 -48 -47 -47 -47 -48 -48 -48 -52 -51 -51 -51 -52 -49 -52 -53 -55 -57 -56 -54 -56 -56 -55 -55 -59 -60 -59 -60 -60 -62 -61 -59 -59 -60 -58 -60 -61 -66 -65 -64 -63 -65 -65 -71 -68 -67 -66 -57 -74 -69 -90 -57 -68 -90 -75 -81 -75 -75 -72 -75 -75 -77 -77 -78 -79 -81 -82 -81 -80 -78 -77 -84 -74 -90 -90 -79 -84 -90 -90 -77 -80 -79 -79 -75 -80 -78 -81 -78 -82 -81 -90 -90 -90 -90 -90 -90 -90 -90 -82 -80 -80 -80 -81 -79 -82 -90 -90 -90 -90 -83 -84 -90 -90 -84 -83 -84 -78 -83 -81 -81 -90 -90 -90 -87 -90 -90 -84 -81 -83 -83 -82 -87 -90 -90 -90 -90 -90 -90 -83 -84 -84 -83 -86 -87 -90 -90 -90 -90 -90 -86 -86 -84 -85 -86 -86 -90 -90 -90 -90 -90 -87 -86 -86 -87 -87 -90 -90 -90 -90 -90 -90 -85 -87 -87 -87 -87 -90 -90 -90 -87 -86 -90 -87 -87 -87 -87 -90 -87 -90 -90 -87 -86 -87 -90 -87 -90 -90 -87 -90 -90 -90 -90 -90 -90 -90 -90 -87 -87 -90 -87 -90 -87 -87 -87 -90 -90 -90 -87 -87 -90 -87 -87 -87 -90 -90 -87 -90 -90 -87 -90 -87 -90 -90 -90 -90 -86 -90 -87 -90 -90 -90 -87 -87 -87 -90 -90 -90 -87 -90 -90 -87 -90 -90 -90 -90 -90 -90 -90 -90 -87 -87 -90 -90 -90 -90 -90 -86 -90 -90 -90 -90 -90 -87 -90 -90 -90 -90 -87 -90 -90 -87 -90 -90 -90 -87 -90 -90 -87 -90 -90 -90 -90 -90 -90 -90 -90 -87 -87 -87 -90 -90 -90 -90 -87 -90 -90 -87 -87 -90 -90 -90 -90 -90 -90 -87 -87 -90 -87 -90 -87 -87 -87 -87 -90 -90 -90 -90 -90 -90 -87 -90 -90 -90 -87 -90 -87 -87 -90 -90 -90 -90 -90 -90 -90 -90 -90 -90 -87 -87 -90 -90 -90 -87 -90 -90 -87 -90 -90 -90 -90 -87 -87 -87 -90 -90 -90 -90 -90 -87 -90 -90 -87 -90 -90 -90 -87 -87 -87 -87 -90 -87 -90 -87 -87 -87 -90 -87 -90 -90 -90 -90 -87 -90 -90 -87 -90 -90 -90 -87 -87 -87 -90 -90 -90 -87 -90 -87 -90 -87 -87 -90 -87 -87 -90 -90 -90 -87 -87 -90 -90 -90 -90 -90 -90 -90 -87 -87 -90 -90 -90 -87 -90 -90 -87 -90 -90 -90 -90 -90 -87 -90 -90 -90 -90 -87 -90 -90 -90 -90 -90 -90 -90 -90 -90 -87 -87 -87 -90 -87 -90 -90 -90 -90 -90 -90 -90 -90 -90 -87 -90 -90 -90 -90 -90 -90 -90 -90 -87 -87 -90 -90 -87 -90 -90 -87 -87 -90 -90 -90 -87 -90 -87 -90 -90 -90 -87 -87 -90 -90 -90 -87 -90 -90 -90 -90 -90 -90 -90 -87 -90 -90 -90 -90 -90 -90 -90 -90 -90 -90 -90 -90 -90 -87 -90 -90 -90 -90 -87 -87 -87 -90 -90 -90 -90 -87 -90 -90 -90 -87 -90 -90 -90 -87 -90 -90 -90 -90 -90 -90 -90 -87 -90 -90 -87 -90 -90 -90 -90 -87 -90 -87


